160
2 344 300
2 346 300
2 349 315
2 354 300
2 355 12
2 357 299
2 366 33
2 368 322
2 370 299
2 374 14
2 380 47
2 381 299
2 382 299
2 383 12
2 386 165
2 389 300
2 393 165
2 398 315
2 402 47
2 404 165
2 406 33
2 408 322
2 413 315
2 415 322
2 416 300
2 417 322
2 418 12
2 426 299
2 428 12
2 435 33
2 436 47
2 440 315
2 456 33
2 457 322
2 458 299
2 464 47
2 465 14
2 466 315
2 469 12
2 470 14
3 184 300 326
3 191 299 279
3 194 299 279
3 202 299 279
3 205 299 279
3 206 165 300
3 209 165 300
3 211 165 300
3 215 322 330
3 216 315 306
3 220 315 306
3 222 33 47
3 223 33 47
3 224 47 165
3 227 33 47
3 228 12 454
3 229 47 165
3 232 12 454
3 238 14 21
3 239 315 306
3 241 299 279
3 243 315 306
3 246 299 279
3 248 33 47
3 250 47 165
3 253 300 326
3 255 299 279
3 257 14 21
3 260 322 330
3 262 14 21
3 265 299 279
3 270 12 454
3 272 47 165
3 275 12 454
3 281 12 454
3 287 299 279
3 290 315 306
3 291 165 300
3 293 300 326
3 296 165 300
3 297 299 279
3 303 300 326
3 305 299 279
3 308 165 300
3 309 299 279
3 312 299 279
3 313 12 454
3 314 14 21
3 316 12 454
3 317 300 326
3 318 300 326
3 321 315 306
3 323 14 21
3 327 47 165
3 331 322 330
3 335 14 21
3 338 300 326
3 340 12 454
3 342 299 279
3 343 14 21
4 2 299 279 306
4 4 12 454 33
4 9 33 12 47
4 30 315 306 322
4 37 300 165 326
4 39 14 1 21
4 42 33 12 47
4 43 33 12 47
4 49 315 306 322
4 51 299 279 306
4 53 33 12 47
4 57 300 165 326
4 58 33 12 47
4 62 165 47 300
4 63 299 279 306
4 67 165 47 300
4 68 299 279 306
4 74 299 279 306
4 75 33 12 47
4 77 12 454 33
4 82 33 12 47
4 83 299 279 306
4 84 299 279 306
4 85 14 1 21
4 87 300 165 326
4 88 165 47 300
4 94 47 33 165
4 96 299 279 306
4 98 165 47 300
4 102 322 315 330
4 103 47 33 165
4 110 47 33 165
4 118 12 454 33
4 122 33 12 47
4 125 165 47 300
4 126 14 1 21
4 127 33 12 47
4 130 12 454 33
4 131 12 454 33
4 133 315 306 322
4 134 322 315 330
4 135 12 454 33
4 137 165 47 300
4 140 322 315 330
4 142 299 279 306
4 143 300 165 326
4 145 315 306 322
4 146 47 33 165
4 150 299 279 306
4 157 322 315 330
4 161 12 454 33
4 167 322 315 330
4 168 300 165 326
4 169 14 1 21
4 171 299 279 306
4 173 299 279 306
4 176 322 315 330
4 178 300 165 326
4 179 315 306 322
4 183 12 454 33