1628
2 9306 2589
2 9335 6255
2 9497 421
2 9683 5913
2 9688 421
2 9756 5913
2 9790 6404
2 9924 2589
2 79 2589
2 90 2589
2 104 421
2 166 421
2 560 421
2 647 6255
2 758 6404
2 852 5913
2 933 2589
2 1051 2589
2 1098 421
2 1125 6255
2 1417 2589
2 1446 6404
2 1560 421
2 1643 421
2 1797 6404
2 1991 2589
2 2034 6404
2 2119 5583
2 2263 6404
2 2374 421
2 2394 421
2 2414 6404
2 2482 6404
2 2534 5913
2 2547 6404
2 2625 421
2 2755 2589
2 2768 6255
2 2816 2589
2 2880 6404
2 3065 5913
2 3231 6404
2 3304 421
2 3351 2589
2 3421 5913
2 3726 5913
2 3920 6404
2 3998 2589
2 4162 421
2 4168 421
2 4295 2589
2 4366 3629
2 4472 6404
2 4476 421
2 4485 6404
2 4587 2589
2 4652 2589
2 4805 6404
2 4836 6404
2 4970 9906
2 5031 2589
2 5089 6404
2 5320 421
2 5445 421
2 5468 2589
2 5506 2589
2 5645 2589
2 5667 421
2 5987 421
2 6362 6404
2 6465 421
2 6502 2589
2 6626 421
2 6717 2589
2 6813 6404
2 6896 6255
2 7280 6404
2 7366 2589
2 7449 6404
2 7497 2589
2 7601 2589
2 7714 421
2 7769 421
2 7940 6255
2 8071 2589
2 8262 5913
2 8324 6404
2 8339 6404
2 8394 6255
2 8414 6404
2 8444 2589
2 8710 6404
2 8847 421
2 8869 2589
2 8917 421
2 8926 6404
2 9077 5583
2 9466 5583
2 9630 6404
2 9697 421
2 84 6404
2 474 2589
2 547 6404
2 599 421
2 830 6404
2 879 5913
2 946 421
2 951 6404
2 980 421
2 1397 5913
2 1472 5583
2 1710 9906
2 1760 421
2 1863 421
2 1875 421
2 1914 6404
2 1916 6404
2 2093 421
2 2261 2589
2 2284 6404
2 2315 421
2 2403 6404
2 2496 421
2 2710 6404
2 2738 5913
2 2742 6404
2 2926 421
2 2995 2589
2 3098 6255
2 3166 5583
2 3183 6404
2 3548 5913
2 3601 6404
2 3609 421
2 3631 2589
2 3661 6404
2 3706 6255
2 3767 2589
2 3886 6404
2 3900 2589
2 3967 5913
2 3989 421
2 4049 421
2 4073 6404
2 4118 9906
2 4261 421
2 4385 6404
2 4626 421
2 4719 5913
2 4751 6404
2 4776 5913
2 4974 6255
2 5226 421
2 5326 2589
2 5459 2589
2 5623 6404
2 5932 6404
2 5955 421
2 5975 2589
2 6214 421
2 6287 5913
2 6292 421
2 6883 6404
2 6997 6404
2 7191 6404
2 7234 421
2 7468 421
2 7519 6404
2 7537 2589
2 7563 5583
2 7685 6404
2 7846 6404
2 7860 6404
2 7947 2589
2 8126 421
2 8178 6404
2 8358 6404
2 8369 421
2 8386 6404
2 8885 421
2 9034 421
2 9071 2589
2 9103 6404
2 9657 2589
2 9760 9906
2 9801 2589
2 29 5913
2 100 2589
2 113 421
2 231 2589
2 351 6255
2 445 421
2 490 5913
2 501 6404
2 580 6404
2 584 2589
2 692 6404
2 710 2589
2 751 2589
2 790 2589
2 1204 421
2 1246 2589
2 1272 6404
2 1657 6404
2 1894 421
2 1997 421
2 2041 6404
2 2113 6404
2 2114 2589
2 2189 5913
2 2256 6404
2 2438 6404
2 2576 6404
2 2616 421
2 3040 5913
2 3113 2589
2 3140 6404
2 3163 2589
2 3429 5913
2 3468 5583
2 3592 421
2 3650 6404
2 3982 6404
2 4210 421
2 4225 2589
2 4268 6255
2 4324 6404
2 4336 2589
2 4481 5583
2 4779 6404
2 4784 6404
2 4947 2589
2 5433 421
2 5564 2589
2 5687 5913
2 5711 2589
2 5716 2589
2 5775 421
2 5784 421
2 5827 6404
2 6299 421
2 6317 421
2 6335 6404
2 6346 2589
2 6424 6404
2 6437 2589
2 6464 5913
2 6486 6404
2 6568 5913
2 6861 421
2 6926 6404
2 6951 421
2 6995 6404
2 7188 5913
2 7354 2589
2 7598 6404
2 7707 3629
2 7747 421
2 7912 6404
2 8051 421
2 8057 6404
2 8182 6404
2 8317 421
2 8448 2589
2 8460 421
2 8488 421
2 8531 5913
2 8656 2589
2 8704 5913
2 8799 421
2 8841 6404
2 8909 6404
2 8920 5583
2 9001 421
2 9167 421
2 9268 6404
2 9277 421
2 9373 421
2 9676 6404
2 9739 2589
2 9915 6404
2 9937 421
2 9938 6404
2 46 421
2 212 421
2 243 421
2 460 2589
2 664 5913
2 787 6404
2 905 2589
2 1034 2589
2 1175 6404
2 1419 6404
2 1600 5583
2 1659 421
2 1697 2589
2 1779 421
2 1784 5913
2 2434 6404
2 2441 421
2 2487 6255
2 2493 2589
2 2501 421
2 2539 421
2 2559 2589
2 2639 421
2 2682 6404
2 3805 6404
2 3814 6404
2 4061 6404
2 4071 5913
2 4190 421
2 4204 5913
2 4278 421
2 4362 6404
2 4772 5913
2 4785 6255
2 4824 2589
2 5154 5583
2 5425 421
2 5490 5913
2 5656 2589
2 5707 6255
2 5988 421
2 6047 421
2 6333 6404
2 6385 421
2 6394 421
2 6601 421
2 6657 421
2 6893 2589
2 7004 421
2 7012 421
2 7056 421
2 7141 6404
2 7181 421
2 7205 5913
2 7297 6404
2 7331 6404
2 7472 6404
2 7482 421
2 7506 421
2 7560 6255
2 7612 6255
2 7767 421
2 7904 2589
2 7926 2589
2 7952 5913
2 8072 6404
2 8149 5913
2 8341 6404
2 8476 5913
2 8480 6404
2 9110 5913
2 9315 421
2 9378 6404
2 9515 6404
2 9654 421
2 9757 6404
2 9845 5913
2 9919 5913
2 334 5913
2 354 6404
2 416 2589
2 705 6404
2 731 6404
2 813 6404
2 853 2589
2 873 6404
2 925 6404
2 1193 6404
2 1362 2589
2 1390 6404
2 1449 421
2 1482 2589
2 1702 6404
2 1715 5913
2 1746 6255
2 1780 6404
2 1791 5913
2 1823 2589
2 1927 6404
2 2177 6404
2 2429 6404
2 2430 5913
2 2494 421
2 2708 421
2 2761 2589
2 2830 6404
2 2833 421
2 2867 2589
2 3005 5913
2 3013 2589
2 4083 421
2 4101 6404
2 4282 5913
2 4391 6404
2 4448 6404
2 4765 6404
2 4803 6404
2 4984 6404
2 5065 6404
2 5087 6404
2 5283 6404
2 5392 2589
2 5484 9906
2 5525 6404
2 5541 6255
2 5659 2589
2 5708 5913
2 5743 6404
2 5821 6404
2 5927 5913
2 6140 6404
2 6218 6404
2 6349 6404
2 6532 2589
2 6587 6404
2 6847 421
2 6889 5583
2 7006 421
2 7126 421
2 7269 6255
2 7277 6404
2 7294 5913
2 7355 2589
2 7520 6404
2 7691 6404
2 8018 5913
2 8042 421
2 8060 2589
2 8066 6404
2 8175 421
2 8208 6404
2 8281 2589
2 8288 421
2 8349 6404
2 8357 6404
2 8690 2589
2 8718 6255
2 9033 2589
2 9133 2589
2 9163 2589
2 9358 2589
2 9705 5913
2 9956 6404
2 345 421
2 366 6404
2 592 421
2 685 6404
2 732 2589
2 755 2589
2 941 6404
2 1007 421
2 1281 6404
2 1293 6404
2 1356 6404
2 1660 421
2 1759 5913
2 1798 6404
2 2073 2589
2 2182 6404
2 2615 421
2 2648 6404
2 2737 421
2 2787 6404
2 2896 5913
2 2958 421
2 2960 6404
2 3034 421
2 3238 421
2 3317 421
2 3397 6404
2 3465 6404
2 3514 6404
2 3653 6404
2 3764 421
2 4129 5913
2 4382 421
2 4431 6404
2 4615 6404
2 4647 6404
2 4778 421
2 4800 6404
2 4878 5913
2 5144 421
2 5402 6404
2 5438 2589
2 5520 6404
2 5524 5913
2 5647 6255
2 5669 6255
2 6115 421
2 6172 5913
2 6298 2589
2 6376 6404
2 6439 421
2 6489 421
2 6575 2589
2 6589 421
2 6598 421
2 6779 2589
2 6816 2589
2 6884 421
3 10000 10000 92
3 7503 421 2589
3 8024 2589 421
3 8041 6404 421
3 8157 2589 421
3 8188 3629 6584
3 8255 9906 8785
3 8428 2589 421
3 8764 6404 421
3 8953 6404 421
3 9012 421 2589
3 9040 5913 6255
3 9112 5583 6255
3 9147 6404 421
3 9351 6255 5583
3 9412 3629 6584
3 9455 6404 421
3 9480 9906 8785
3 9640 7710 6584
3 9666 6404 421
3 9808 5913 6255
3 9878 5583 6255
3 9916 6404 421
3 9949 421 2589
3 9979 421 2589
3 9980 6255 5583
3 259 6404 421
3 344 421 2589
3 495 5583 6255
3 506 6404 421
3 625 2589 421
3 779 421 2589
3 1017 421 2589
3 1169 6404 421
3 1379 5913 6255
3 1428 421 2589
3 1434 6404 421
3 1455 421 2589
3 1769 6404 421
3 1844 421 2589
3 2145 2589 421
3 2366 421 2589
3 2637 421 2589
3 2735 6255 5583
3 2753 421 2589
3 3032 5583 6255
3 3056 421 2589
3 3148 5913 6255
3 3319 6404 421
3 3430 421 2589
3 3490 5913 6255
3 3699 6404 421
3 3826 2589 421
3 3957 6404 421
3 3960 6404 421
3 4015 6255 5583
3 4024 6404 421
3 4051 421 2589
3 4081 421 2589
3 4152 2589 421
3 4181 421 2589
3 4199 6255 5913
3 4253 5913 6255
3 4342 6404 421
3 4350 5913 6255
3 4396 421 2589
3 4606 421 2589
3 4872 2589 421
3 4897 5583 6255
3 4941 2589 421
3 5033 421 2589
3 5050 6255 5583
3 5405 5913 6255
3 5650 5913 6255
3 5893 2589 421
3 5984 421 2589
3 6004 5913 6255
3 6241 6255 5583
3 6820 6404 421
3 6872 421 2589
3 6970 6404 421
3 7053 6404 421
3 7244 2589 421
3 7317 421 2589
3 7328 421 2589
3 7456 421 2589
3 8048 5913 6255
3 8279 6404 421
3 8467 6404 421
3 8483 6404 421
3 8693 2589 421
3 8782 6404 421
3 8887 6404 421
3 8892 6404 421
3 8905 5583 6255
3 9053 6404 421
3 9396 6404 421
3 9509 6404 421
3 9783 421 2589
3 9940 5913 6255
3 36 6404 421
3 125 5583 6255
3 971 6255 5583
3 981 6404 421
3 1019 6404 421
3 1089 2589 421
3 1144 5913 6255
3 1314 421 2589
3 1325 5583 6255
3 1456 6404 421
3 1458 421 2589
3 1730 6255 5913
3 1785 2589 421
3 1855 5913 6255
3 2069 6404 421
3 2302 5913 6255
3 2445 421 2589
3 2491 2589 421
3 2644 6404 421
3 2679 421 2589
3 2780 421 2589
3 2844 421 2589
3 2865 6404 421
3 2869 421 2589
3 2923 421 2589
3 3093 421 2589
3 3151 421 2589
3 3388 2589 421
3 3404 2589 421
3 3556 2589 421
3 3589 421 2589
3 3627 421 2589
3 3701 6404 421
3 3711 5913 6255
3 3921 6404 421
3 3979 6255 5913
3 4125 5913 6255
3 4166 6404 421
3 4304 421 2589
3 4364 6255 5913
3 4454 421 2589
3 4471 2589 421
3 4590 6404 421
3 4654 421 2589
3 4799 6404 421
3 4905 5913 6255
3 5109 6404 421
3 5230 421 2589
3 5354 421 2589
3 5374 6404 421
3 5390 6404 421
3 5565 6584 3629
3 5571 421 2589
3 5654 6404 421
3 5673 421 2589
3 5735 6404 421
3 5976 5913 6255
3 6061 2589 421
3 6067 6404 421
3 6194 5913 6255
3 6386 421 2589
3 6422 5913 6255
3 6588 6404 421
3 6758 6404 421
3 6793 421 2589
3 6802 5583 6255
3 7304 3987 1737
3 7722 2589 421
3 7754 5913 6255
3 7784 6255 5583
3 7816 2589 421
3 7837 6255 5583
3 8243 6404 421
3 8301 421 2589
3 8515 2589 421
3 8622 6404 421
3 8706 2589 421
3 8843 6404 421
3 8949 2589 421
3 9109 6255 5583
3 9191 6404 421
3 9279 6255 5583
3 9310 5913 6255
3 9422 5583 6255
3 9442 6404 421
3 9452 421 2589
3 9510 5913 6255
3 9541 5913 6255
3 9731 421 2589
3 9758 2589 421
3 9809 421 2589
3 9997 6404 421
3 276 6404 421
3 339 421 2589
3 518 9906 8785
3 702 5913 6255
3 718 6404 421
3 747 421 2589
3 841 2589 421
3 897 5913 6255
3 994 421 2589
3 1048 2589 421
3 1067 6404 421
3 1255 6404 421
3 1365 5913 6255
3 1721 6255 5583
3 1913 2589 421
3 1926 2589 421
3 2037 9906 8785
3 2040 2589 421
3 2078 6404 421
3 2090 421 2589
3 2130 6404 421
3 2276 6404 421
3 2458 3629 6584
3 2667 6404 421
3 2670 6404 421
3 2714 5913 6255
3 2815 2589 421
3 2851 5913 6255
3 2938 6404 421
3 2965 2589 421
3 2973 6404 421
3 2984 5913 6255
3 3160 6404 421
3 3190 5913 6255
3 3200 2589 421
3 3236 2589 421
3 3359 5913 6255
3 3462 2589 421
3 3709 421 2589
3 3713 2589 421
3 3779 421 2589
3 4068 5913 6255
3 4201 421 2589
3 4303 2589 421
3 4338 421 2589
3 4348 2589 421
3 4499 421 2589
3 4597 421 2589
3 4673 9906 8785
3 4745 421 2589
3 4869 6404 421
3 4927 2589 421
3 5143 5913 6255
3 5344 6404 421
3 5348 3629 6584
3 5695 5583 6255
3 5704 421 2589
3 5871 421 2589
3 5930 6404 421
3 6013 2589 421
3 6071 6404 421
3 6091 2589 421
3 6092 421 2589
3 6204 6255 5583
3 6207 421 2589
3 6322 6255 5583
3 6608 421 2589
3 6667 6404 421
3 6732 2589 421
3 6877 421 2589
3 7027 2589 421
3 7070 2589 421
3 7084 2589 421
3 7242 6404 421
3 7411 5583 6255
3 7538 6404 421
3 7609 2589 421
3 7630 5913 6255
3 7701 6404 421
3 7762 9906 8785
3 7765 8785 3629
3 8184 2589 421
3 8315 5913 6255
3 8385 6404 421
3 8427 6404 421
3 8627 2589 421
3 8705 421 2589
3 8769 6404 421
3 8943 421 2589
3 8973 421 2589
3 9049 421 2589
3 9058 6404 421
3 9064 6404 421
3 9288 5913 6255
3 9402 2589 421
3 9472 421 2589
3 9518 2589 421
3 9827 6404 421
3 9831 421 2589
3 9897 421 2589
3 9925 421 2589
3 109 2589 421
3 330 6404 421
3 387 6404 421
3 397 421 2589
3 426 6255 5583
3 454 6404 421
3 479 421 2589
3 497 5913 6255
3 665 421 2589
3 707 421 2589
3 721 421 2589
3 843 421 2589
3 1028 421 2589
3 1126 5913 6255
3 1215 421 2589
3 1239 2589 421
3 1394 2589 421
3 1425 6255 5583
3 1520 6255 5583
3 1674 6404 421
3 1896 5583 6255
3 2004 5913 6255
3 2015 421 2589
3 2031 5913 6255
3 2032 421 2589
3 2053 421 2589
3 2158 6404 421
3 2187 6404 421
3 2197 6255 5583
3 2338 2589 421
3 2446 6404 421
3 2524 421 2589
3 2613 2589 421
3 2654 421 2589
3 2675 6404 421
3 2777 6404 421
3 2791 421 2589
3 2822 421 2589
3 2914 421 2589
3 3036 421 2589
3 3071 421 2589
3 3103 6404 421
3 3162 2589 421
3 3456 5913 6255
3 3520 6404 421
3 3659 6404 421
3 3723 6255 5913
3 3872 2589 421
3 3946 421 2589
3 3974 6404 421
3 3999 2589 421
3 4003 5583 6255
3 4250 6404 421
3 4395 6404 421
3 4420 6404 421
3 4460 6404 421
3 4586 2589 421
3 4862 6404 421
3 5103 2589 421
3 5288 421 2589
3 5434 421 2589
3 5605 6404 421
3 5679 6404 421
3 5737 2589 421
3 5738 421 2589
3 5780 421 2589
3 5843 2589 421
3 5846 6404 421
3 5855 6404 421
3 5858 6404 421
3 6164 2589 421
3 6515 6404 421
3 6729 6404 421
3 6768 421 2589
3 6954 5913 6255
3 7073 2589 421
3 7193 421 2589
3 7325 9906 8785
3 7619 421 2589
3 7720 421 2589
3 7763 6404 421
3 7930 421 2589
3 7976 421 2589
3 8025 2589 421
3 8033 421 2589
3 8285 6404 421
3 8402 5913 6255
3 8544 2589 421
3 8664 6404 421
3 8723 5913 6255
3 8937 421 2589
3 9170 421 2589
3 9476 6404 421
3 9707 6404 421
3 9753 6404 421
3 286 6255 5583
3 488 6255 5583
3 535 421 2589
3 543 2589 421
3 861 6255 5913
3 913 6404 421
3 1069 421 2589
3 1232 421 2589
3 1312 421 2589
3 1486 2589 421
3 1637 2589 421
3 1680 5913 6255
3 1900 2589 421
3 2099 9906 8785
3 2350 421 2589
3 2387 6404 421
3 2542 6404 421
3 2606 421 2589
3 2855 421 2589
3 2868 2589 421
3 2893 2589 421
3 2894 6255 5583
3 2992 421 2589
3 3067 421 2589
3 3143 6404 421
3 3180 421 2589
3 3232 2589 421
3 3264 6404 421
3 3342 6404 421
3 3733 6404 421
3 3740 6404 421
3 3770 2589 421
3 4067 2589 421
3 4302 2589 421
3 4378 2589 421
3 4624 5583 6255
3 4730 421 2589
3 4744 421 2589
3 4831 5583 6255
3 4849 421 2589
3 5071 6404 421
3 5114 421 2589
3 5204 6404 421
3 5248 6404 421
3 5307 2589 421
3 5334 2589 421
3 5372 6404 421
3 5500 5583 6255
3 5507 6404 421
3 5572 421 2589
3 5761 421 2589
3 5805 5913 6255
3 6041 6404 421
3 6555 6255 5583
3 6863 2589 421
3 6879 421 2589
3 6895 421 2589
3 6908 6404 421
3 7285 6404 421
3 7428 6404 421
3 7505 6404 421
3 7562 6404 421
3 7572 6404 421
3 7582 421 2589
3 7687 6404 421
3 7867 421 2589
3 8125 421 2589
3 8234 421 2589
3 8295 421 2589
3 8352 2589 421
3 8378 5913 6255
3 8484 5583 6255
3 8580 2589 421
3 8790 421 2589
3 8921 6255 5583
3 9389 6404 421
3 9461 6404 421
3 9531 5913 6255
3 9598 5913 6255
3 9653 2589 421
3 317 6404 421
3 442 421 2589
3 548 6404 421
3 661 2589 421
3 679 2589 421
3 694 421 2589
3 969 6404 421
3 1121 421 2589
3 1242 6404 421
3 1630 2589 421
3 1816 2589 421
3 1906 5913 6255
3 1921 2589 421
3 2027 6404 421
3 2135 6404 421
3 2321 2589 421
3 2322 6255 5913
3 2440 5913 6255
3 2478 2589 421
3 2497 6255 5583
3 3010 5913 6255
3 3139 421 2589
3 3182 5913 6255
3 3433 6404 421
3 3604 6404 421
3 3725 421 2589
3 3986 421 2589
3 4021 5583 6255
3 4029 421 2589
3 4383 6404 421
3 4401 6404 421
3 4585 6404 421
3 4815 6404 421
3 4908 5583 6255
3 4909 2589 421
3 5301 6404 421
3 5318 5913 6255
3 5408 2589 421
3 5502 6404 421
3 5567 5583 6255
3 6001 421 2589
3 6032 6255 5583
3 6165 6404 421
3 6211 5913 6255
3 6238 6404 421
3 6397 6404 421
3 6449 6255 5913
3 6786 2589 421
3 6978 6404 421
3 7044 5913 6255
3 7161 421 2589
3 7199 5583 6255
3 7282 421 2589
3 7435 6255 5583
3 7437 6404 421
3 7806 6404 421
3 7874 421 2589
3 7974 5913 6255
3 8088 6404 421
3 8216 421 2589
3 8482 6404 421
3 8489 2589 421
3 8589 6404 421
3 8621 5913 6255
3 8630 6404 421
3 8674 2589 421
3 8802 421 2589
3 8884 6404 421
3 8976 6404 421
3 9056 5583 6255
3 9202 2589 421
4 92 421 2589 6404
4 350 2589 5913 421
4 420 8754 2584 1756
4 494 5913 6255 2589
4 701 6584 7710 3629
4 722 7529 5231 3987
4 770 7923 7569 59
4 783 5796 6735 9487
4 817 7444 6632 9612
4 1244 9618 7168 1492
4 1262 5913 6255 2589
4 1300 5913 6255 2589
4 1363 6584 7710 3629
4 1367 8754 2584 1756
4 1387 6459 604 820
4 1432 7923 7569 59
4 1566 9487 5796 2094
4 1577 3629 6584 8785
4 1736 6584 7710 3629
4 1790 7923 7569 59
4 1842 9906 8785 5583
4 2014 5796 6735 9487
4 2048 8197 1756 6735
4 2063 6404 421 8148
4 2217 5231 4386 7529
4 2247 998 2395 2584
4 2258 9906 8785 5583
4 2273 8785 3629 9906
4 2404 2589 5913 421
4 2593 3629 6584 8785
4 2609 3629 6584 8785
4 2684 2589 5913 421
4 2971 9004 1248 604
4 2975 6404 421 8148
4 2989 7704 5515 7569
4 3130 8785 3629 9906
4 3206 2589 5913 421
4 3277 6404 421 8148
4 3285 6404 421 8148
4 3288 6255 5583 5913
4 3378 8452 7796 7262
4 3460 7923 7569 59
4 3551 998 2395 2584
4 3720 7710 1737 6584
4 3800 59 7923 2861
4 3850 8785 3629 9906
4 3959 421 2589 6404
4 3962 2395 6655 998
4 4264 2155 7792 4644
4 4265 7710 1737 6584
4 4347 7529 5231 3987
4 4459 5583 9906 6255
4 4543 1756 8754 8197
4 4603 5796 6735 9487
4 4722 5515 9612 7704
4 4748 2584 998 8754
4 4934 8785 3629 9906
4 5000 6255 5583 5913
4 5004 6404 421 8148
4 5112 1737 3987 7710
4 5139 5231 4386 7529
4 5270 7710 1737 6584
4 5291 8754 2584 1756
4 5385 2489 5905 7796
4 5630 6404 421 8148
4 5762 6255 5583 5913
4 6271 2589 5913 421
4 6276 5583 9906 6255
4 6399 421 2589 6404
4 6552 5583 9906 6255
4 6712 6735 8197 5796
4 6775 4386 2094 5231
4 6795 6404 421 8148
4 6874 1737 3987 7710
4 6906 7704 5515 7569
4 6987 9906 8785 5583
4 7039 8197 1756 6735
4 7144 421 2589 6404
4 7169 7529 5231 3987
4 7189 8754 2584 1756
4 7291 5231 4386 7529
4 7446 998 2395 2584
4 7469 6255 5583 5913
4 7552 2094 9487 4386
4 7641 1737 3987 7710
4 7708 5796 6735 9487
4 7774 6655 6312 2395
4 7810 3629 6584 8785
4 7908 5231 4386 7529
4 8005 5231 4386 7529
4 8069 3987 7529 1737
4 8169 8785 3629 9906
4 8218 6735 8197 5796
4 8225 5231 4386 7529
4 8350 59 7923 2861
4 8362 7710 1737 6584
4 8404 2589 5913 421
4 8457 6404 421 8148
4 8490 5583 9906 6255
4 8492 3987 7529 1737
4 8538 1756 8754 8197
4 8575 6584 7710 3629
4 8619 998 2395 2584
4 8680 7529 5231 3987
4 8691 1737 3987 7710
4 8795 421 2589 6404
4 8916 4386 2094 5231
4 8971 6584 7710 3629
4 9061 8197 1756 6735
4 9093 6404 421 8148
4 9420 1737 3987 7710
4 9441 6404 421 8148
4 9467 6584 7710 3629
4 9494 5231 4386 7529
4 9517 4386 2094 5231
4 9581 421 2589 6404
4 9738 7710 1737 6584
4 9780 6632 8873 7444
4 9824 6584 7710 3629
4 9918 7529 5231 3987
4 35 6404 421 8148
4 102 6404 421 8148
4 205 5913 6255 2589
4 246 5583 9906 6255
4 375 5913 6255 2589
4 551 8785 3629 9906
4 663 6255 5583 5913
4 857 3629 6584 8785
4 882 2589 5913 421
4 929 7710 1737 6584
4 944 1737 3987 7710
4 1011 3629 6584 8785
4 1072 2589 5913 421
4 1257 9906 8785 5583
4 1280 9906 8785 5583
4 1309 421 2589 6404
4 1370 9612 7444 5515
4 1573 6655 6312 2395
4 1651 421 2589 6404
4 1739 2589 5913 421
4 1771 5913 6255 2589
4 1879 5231 4386 7529
4 1910 421 2589 6404
4 2151 5583 9906 6255
4 2223 9906 8785 5583
4 2287 6404 421 8148
4 2290 5231 4386 7529
4 2341 6255 5583 5913
4 2465 8785 3629 9906
4 2618 421 2589 6404
4 2655 421 2589 6404
4 2677 8785 3629 9906
4 2719 9906 8785 5583
4 2943 3987 7529 1737
4 2986 6404 421 8148
4 3185 2589 5913 421
4 3230 8785 3629 9906
4 3252 421 2589 6404
4 3282 5913 6255 2589
4 3294 421 2589 6404
4 3336 2589 5913 421
4 3390 9487 5796 2094
4 3436 5913 6255 2589
4 3652 5796 6735 9487
4 3836 6255 5583 5913
4 3858 6255 5583 5913
4 4017 8785 3629 9906
4 4072 5913 6255 2589
4 4207 2589 5913 421
4 4275 6404 421 8148
4 4276 2589 5913 421
4 4432 421 2589 6404
4 4462 421 2589 6404
4 4497 7529 5231 3987
4 4687 6404 421 8148
4 4853 6312 2861 6655
4 4889 5913 6255 2589
4 4903 2395 6655 998
4 4921 9906 8785 5583
4 5016 3629 6584 8785
4 5116 421 2589 6404
4 5119 6404 421 8148
4 5165 6404 421 8148
4 5243 7710 1737 6584
4 5258 6735 8197 5796
4 5312 6404 421 8148
4 5381 9906 8785 5583
4 5414 5583 9906 6255
4 5475 5913 6255 2589
4 5626 6404 421 8148
4 5759 4386 2094 5231
4 5933 2589 5913 421
4 6084 8785 3629 9906
4 6116 9906 8785 5583
4 6138 7710 1737 6584
4 6221 2589 5913 421
4 6267 6255 5583 5913
4 6327 2589 5913 421
4 6383 2589 5913 421
4 6408 1756 8754 8197
4 6433 5913 6255 2589
4 6469 2589 5913 421
4 6594 6404 421 8148
4 6736 7529 5231 3987
4 6867 6404 421 8148
4 6898 421 2589 6404
4 6936 1737 3987 7710
4 7054 2589 5913 421
4 7082 6404 421 8148
4 7114 5913 6255 2589
4 7226 6255 5583 5913
4 7312 5583 9906 6255
4 7680 2094 9487 4386
4 7790 421 2589 6404
4 8046 9487 5796 2094
4 8074 6404 421 8148
4 8092 8785 3629 9906
4 8102 6404 421 8148
4 8120 9906 8785 5583
4 8207 6404 421 8148
4 8249 3987 7529 1737
4 8403 421 2589 6404
4 8787 3629 6584 8785
4 8800 398 8407 5905
4 8910 5913 6255 2589
4 8989 7710 1737 6584
4 8993 6404 421 8148
4 9067 8785 3629 9906
4 9300 6404 421 8148
4 9417 421 2589 6404
4 9428 5231 4386 7529
4 9454 6404 421 8148
4 9460 1737 3987 7710
4 9481 5913 6255 2589
4 9567 3987 7529 1737
4 9725 2589 5913 421
4 9850 3629 6584 8785
4 9953 8754 2584 1756
4 15 2589 5913 421
4 73 421 2589 6404
4 155 8785 3629 9906
4 320 9906 8785 5583
4 539 5913 6255 2589
4 588 8785 3629 9906
4 655 6404 421 8148
4 914 6404 421 8148
4 932 421 2589 6404
4 1014 5583 9906 6255
4 1251 2589 5913 421
4 1342 5583 9906 6255
4 1360 5583 9906 6255
4 1380 8785 3629 9906
4 1398 3629 6584 8785
4 1420 421 2589 6404
4 1500 2589 5913 421
4 1603 7529 5231 3987
4 1719 421 2589 6404
4 2005 5913 6255 2589
4 2111 9906 8785 5583
4 2317 6255 5583 5913
4 2369 6404 421 8148
4 2413 5913 6255 2589
4 2588 9906 8785 5583
4 2641 5913 6255 2589
4 2643 6404 421 8148
4 2764 2589 5913 421
4 2853 9906 8785 5583
4 2904 2589 5913 421
4 2991 5913 6255 2589
4 3380 421 2589 6404
4 3406 421 2589 6404
4 3441 6404 421 8148
4 3461 421 2589 6404
4 3545 8785 3629 9906
4 3550 421 2589 6404
4 3576 6255 5583 5913
4 3766 6404 421 8148
4 3778 5913 6255 2589
4 3831 5913 6255 2589
4 3955 5913 6255 2589
4 4241 5913 6255 2589
4 4493 3629 6584 8785
4 4601 5583 9906 6255
4 5062 5583 9906 6255
4 5186 6404 421 8148
4 5319 2589 5913 421
4 5477 6404 421 8148
4 5587 8785 3629 9906
4 5590 6404 421 8148
4 5620 9906 8785 5583
4 5629 2589 5913 421
4 6139 6255 5583 5913
4 6159 421 2589 6404
4 6325 5583 9906 6255
4 6418 6584 7710 3629
4 6431 6404 421 8148
4 6475 8785 3629 9906
4 6696 5913 6255 2589
4 6722 6404 421 8148
4 6980 421 2589 6404
4 7021 421 2589 6404
4 7034 421 2589 6404
4 7133 6584 7710 3629
4 7338 2589 5913 421
4 7448 2094 9487 4386
4 7452 6584 7710 3629
4 7589 5583 9906 6255
4 7650 5913 6255 2589
4 7941 6404 421 8148
4 8050 6255 5583 5913
4 8096 5913 6255 2589
4 8191 2589 5913 421
4 8192 421 2589 6404
4 8280 5583 9906 6255
4 8514 6404 421 8148
4 8520 8785 3629 9906
4 8825 6404 421 8148
4 8840 421 2589 6404
4 8914 5913 6255 2589
4 9116 9906 8785 5583
4 9125 5583 9906 6255
4 9169 5583 9906 6255
4 9287 421 2589 6404
4 9308 2589 5913 421
4 9353 5913 6255 2589
4 9381 1737 3987 7710
4 9388 2589 5913 421
4 9607 5583 9906 6255
4 9923 2589 5913 421
4 9998 5913 6255 2589
4 99 6404 421 8148
4 429 9906 8785 5583
4 440 421 2589 6404
4 563 421 2589 6404
4 743 6404 421 8148
4 1112 6404 421 8148
4 1245 6255 5583 5913
4 1247 5583 9906 6255
4 1463 421 2589 6404
4 1468 6255 5583 5913
4 1493 5913 6255 2589
4 1641 5913 6255 2589
4 1792 2589 5913 421
4 1795 9906 8785 5583
4 1828 9906 8785 5583
4 2017 5913 6255 2589
4 2455 6404 421 8148
4 2507 421 2589 6404
4 2519 5913 6255 2589
4 2581 421 2589 6404
4 2638 5583 9906 6255
4 2945 5913 6255 2589
4 3081 6255 5583 5913
4 3197 5583 9906 6255
4 3377 6404 421 8148
4 3384 421 2589 6404
4 3387 6404 421 8148
4 3533 6404 421 8148
4 3535 2589 5913 421
4 3571 5583 9906 6255
4 3603 9906 8785 5583
4 3682 6404 421 8148
4 3742 6404 421 8148
4 3931 5583 9906 6255
4 4008 2589 5913 421
4 4084 6404 421 8148
4 4114 6584 7710 3629
4 4536 421 2589 6404
4 4541 421 2589 6404
4 4576 5583 9906 6255
4 4589 5231 4386 7529
4 4593 9906 8785 5583
4 4743 2589 5913 421
4 4968 6404 421 8148
4 4998 5913 6255 2589
4 5202 8754 2584 1756
4 5221 2589 5913 421
4 5228 6255 5583 5913
4 5440 2589 5913 421
4 5552 6255 5583 5913
4 5618 6255 5583 5913
4 5634 421 2589 6404
4 5857 5913 6255 2589
4 5999 2589 5913 421
4 6043 2589 5913 421
4 6103 5583 9906 6255
4 6236 5583 9906 6255
4 6360 2094 9487 4386
4 6503 6404 421 8148
4 6710 421 2589 6404
4 6878 5913 6255 2589
4 6991 2589 5913 421
4 7035 5583 9906 6255
4 7113 5583 9906 6255
4 7182 5583 9906 6255
4 7323 2589 5913 421
4 7348 5913 6255 2589
4 7450 8785 3629 9906
4 7597 6404 421 8148
4 7705 421 2589 6404
4 7811 8785 3629 9906
4 7933 8785 3629 9906
4 8029 2589 5913 421
4 8054 5913 6255 2589
4 8121 421 2589 6404
4 8512 421 2589 6404
4 8666 421 2589 6404
4 8765 9906 8785 5583
4 8959 6404 421 8148
4 9127 5583 9906 6255
4 9228 5583 9906 6255
4 9290 421 2589 6404
4 9704 6404 421 8148
4 9740 421 2589 6404
4 9898 2589 5913 421
4 9939 5913 6255 2589
4 52 9906 8785 5583
4 116 2589 5913 421
4 135 6404 421 8148
4 266 421 2589 6404
4 368 6255 5583 5913
4 470 2589 5913 421
4 524 9906 8785 5583
4 528 421 2589 6404
4 569 5913 6255 2589
4 680 6584 7710 3629
4 713 421 2589 6404
4 927 5913 6255 2589
4 1025 421 2589 6404
4 1104 2589 5913 421
4 1108 5913 6255 2589
4 1123 5583 9906 6255
4 1236 5913 6255 2589
4 1274 5913 6255 2589
4 1343 5583 9906 6255
4 1457 2589 5913 421
4 1662 421 2589 6404
4 1748 9906 8785 5583
4 1752 6255 5583 5913
4 1757 6404 421 8148
4 1776 421 2589 6404
4 1893 6404 421 8148
4 1938 421 2589 6404
4 1940 6255 5583 5913
4 1950 6404 421 8148
4 2132 6404 421 8148
4 2286 8785 3629 9906
4 2640 9906 8785 5583
4 2721 6404 421 8148
4 2778 6255 5583 5913
4 2832 6255 5583 5913
4 2871 6404 421 8148
4 3198 421 2589 6404
4 3435 2589 5913 421
4 3525 6255 5583 5913
4 3572 421 2589 6404
4 3732 421 2589 6404
4 3751 2589 5913 421
4 3755 6404 421 8148
4 3876 421 2589 6404
4 4111 5913 6255 2589
4 4130 2589 5913 421
4 4145 2589 5913 421
4 4310 421 2589 6404
4 4418 2589 5913 421
4 4580 2589 5913 421
4 4680 5913 6255 2589
4 4686 6404 421 8148
4 4749 2589 5913 421
4 4759 2589 5913 421
4 4812 5913 6255 2589
4 5069 421 2589 6404
4 5394 421 2589 6404
4 5403 3629 6584 8785
4 5597 7710 1737 6584
4 5684 421 2589 6404
4 5818 2589 5913 421
4 5878 6255 5583 5913
4 5937 421 2589 6404
4 5971 6404 421 8148
4 6048 6404 421 8148
4 6086 5913 6255 2589
4 6182 6404 421 8148
4 6190 3987 7529 1737
4 6217 9906 8785 5583
4 6251 421 2589 6404
4 6295 6255 5583 5913
4 6303 6404 421 8148
4 6369 2589 5913 421
4 6461 5583 9906 6255
4 6658 5913 6255 2589
4 6855 2589 5913 421
4 7029 6404 421 8148
4 7203 421 2589 6404
4 7379 2589 5913 421
4 7396 421 2589 6404
4 7575 5913 6255 2589
4 7738 2589 5913 421
4 8217 6404 421 8148
4 8226 6404 421 8148
4 8271 5913 6255 2589
4 8300 6404 421 8148
4 8416 421 2589 6404
4 8445 421 2589 6404
4 8481 6404 421 8148
4 8574 9906 8785 5583
4 8587 9906 8785 5583
4 8649 5913 6255 2589
4 8678 421 2589 6404
4 8974 6404 421 8148
4 9113 6584 7710 3629
4 9132 421 2589 6404
4 9317 421 2589 6404
4 9334 421 2589 6404
4 9395 421 2589 6404
4 9445 6404 421 8148
4 9477 5913 6255 2589
4 9537 6404 421 8148
4 9708 5913 6255 2589
4 9782 421 2589 6404
4 9796 2589 5913 421
4 9817 421 2589 6404
4 9947 2589 5913 421
4 9967 6404 421 8148
4 9992 2589 5913 421
4 167 2589 5913 421
4 223 421 2589 6404
4 724 421 2589 6404
4 989 6404 421 8148
4 1033 6404 421 8148
4 1185 2589 5913 421
4 1241 421 2589 6404
4 1310 421 2589 6404
4 1408 421 2589 6404
4 1448 6404 421 8148
4 1617 5583 9906 6255
4 1676 2589 5913 421
4 1772 421 2589 6404
4 1901 6404 421 8148
4 2760 6255 5583 5913
4 2767 6404 421 8148
4 2845 6404 421 8148
4 3094 6404 421 8148
4 3100 421 2589 6404
4 3116 6404 421 8148
4 3152 6255 5583 5913
4 3215 6404 421 8148
4 3245 6404 421 8148
4 3287 6404 421 8148
4 3393 6404 421 8148
4 3459 2589 5913 421
4 3642 421 2589 6404
4 3815 6404 421 8148
4 3829 421 2589 6404
4 3868 5913 6255 2589
4 3908 9906 8785 5583
4 3970 421 2589 6404
4 4039 9906 8785 5583
4 4086 421 2589 6404
4 4159 6404 421 8148
4 4180 421 2589 6404
4 4349 5913 6255 2589
4 4755 2589 5913 421
4 4760 2589 5913 421
4 4864 421 2589 6404
4 4999 5583 9906 6255
4 5092 421 2589 6404
4 5447 6404 421 8148
4 5486 6404 421 8148
4 5555 1737 3987 7710
4 5560 2589 5913 421
4 5826 6404 421 8148
4 6066 421 2589 6404
4 6200 421 2589 6404
4 6523 421 2589 6404
4 6597 421 2589 6404
4 6909 5913 6255 2589
4 6916 421 2589 6404
4 7107 2589 5913 421
4 7160 421 2589 6404
4 7358 6404 421 8148
4 7376 6404 421 8148
4 7378 5913 6255 2589
4 7455 9906 8785 5583
4 7477 2589 5913 421